ID	SIRE	DAM	BY	SEX	Y	SNP1	SNP2	SNP3	SNP4	SNP5	SNP6	SNP7	SNP8	SNP9	SNP10	SNP11	SNP12	SNP13	SNP14	SNP15
1	0	0	1998	male	64.22	2	2	1	1	2	1	2	1	1	0	1	2	1	2	2
2	0	0	1997	male	88.88	1	1	2	1	1	1	1	1	2	2	1	1	1	1	1
3	0	0	1998	male	64.02	1	2	2	1	1	1	2	2	0	1	1	1	1	2	2
4	0	0	1999	male	68.51	2	2	2	0	1	0	2	2	1	1	1	2	1	1	1
5	0	0	1996	male	61.08	2	1	1	1	2	2	1	0	2	1	1	1	1	2	2
6	0	0	2003	female	70.34	2	1	1	1	1	2	0	1	2	2	1	1	1	1	2
7	0	0	2001	female	68.57	1	2	1	2	1	2	2	1	1	1	2	1	2	2	2
8	0	0	2003	female	76.43	2	2	1	2	1	2	2	1	1	1	2	1	2	2	2
9	0	0	2002	female	73.67	1	2	0	1	1	2	1	1	2	0	1	2	2	2	1
10	0	0	2002	female	71.49	1	1	2	2	1	2	1	1	1	2	1	0	1	2	2
11	1	6	2007	female	72.72	2	1	1	2	2	2	1	0	2	1	1	1	1	2	2
12	2	10	2008	female	58.79	2	1	1	2	2	2	1	0	2	1	1	1	1	2	2
13	3	7	2008	female	88.1	0	2	1	1	0	2	1	2	1	2	2	1	2	2	2
14	4	7	2007	female	49.43	1	1	1	0	1	0	1	2	2	2	2	2	2	1	1
15	5	8	2006	female	62.12	2	1	1	1	1	2	0	1	2	1	0	1	1	2	1
16	1	8	2007	female	51.96	2	2	1	1	2	1	2	1	1	0	1	2	1	2	2
17	2	9	2009	female	86.12	2	2	1	0	0	1	1	2	2	1	1	2	2	1	0
18	3	9	2008	female	77.65	2	2	2	0	1	0	2	2	1	1	1	2	1	1	1
19	4	6	2008	female	61.67	1	2	0	1	1	2	1	1	2	0	1	2	2	2	1
20	5	10	2007	female	88.51	2	2	1	2	1	2	2	1	1	1	2	1	2	2	2
21	1	6	2008	male	72.72	2	1	1	1	1	2	0	1	2	2	1	1	1	2	2
22	2	10	2007	male	58.79	2	0	2	2	2	2	0	0	2	2	0	0	0	1	2
23	3	7	2006	male	88.1	2	0	2	2	2	2	0	0	2	2	0	0	0	1	2
24	4	7	2007	male	49.43	2	0	2	2	2	2	0	0	2	2	0	0	0	1	2
25	5	8	2006	male	61.08	2	0	2	2	2	2	0	0	2	2	0	0	0	1	2
26	1	8	2007	male	70.34	2	1	1	1	2	2	1	0	2	1	1	1	1	1	2
27	2	9	2006	male	68.57	2	0	2	2	2	2	0	0	2	2	0	0	0	1	2
28	3	9	2007	male	64.02	2	1	1	1	2	2	1	0	2	1	1	1	1	1	2
29	4	6	2009	male	68.51	2	1	1	1	2	2	1	0	2	1	1	1	1	1	2
30	5	10	2007	male	61.08	2	1	1	1	1	2	0	1	2	2	1	1	1	2	2
31	3	8	2009	female	NA	2	2	0	0	1	2	1	1	2	1	2	2	2	2	2
32	4	9	2008	female	NA	2	1	1	1	2	2	1	0	2	1	1	1	1	1	2
33	5	9	2008	female	NA	2	1	1	1	2	2	1	0	2	1	1	1	1	1	2
34	1	6	2007	female	NA	2	1	1	1	1	2	0	1	2	2	1	1	1	2	2
35	2	10	2008	female	NA	2	1	1	1	1	2	0	1	2	2	1	1	1	2	2
36	2	6	2007	female	NA	2	1	1	1	1	2	0	1	2	2	1	1	1	2	2
37	3	10	2006	female	NA	2	0	2	2	2	2	0	0	2	2	0	0	0	1	2
38	4	7	2007	female	NA	2	1	1	1	2	2	1	0	2	1	1	1	1	1	2
39	5	7	2007	female	NA	2	0	2	2	2	2	0	0	2	2	0	0	0	1	2
40	1	8	2009	female	NA	2	0	2	2	2	2	0	0	2	2	0	0	0	1	2
41	2	8	2008	male	NA	2	0	2	2	2	2	0	0	2	2	0	0	0	1	2
42	3	9	2008	male	NA	2	2	0	0	1	2	1	1	2	1	2	2	2	2	2
43	4	9	2007	male	NA	2	0	2	2	2	2	0	0	2	2	0	0	0	1	2
44	5	6	2008	male	NA	2	1	1	1	2	2	1	0	2	1	1	1	1	1	2
45	4	9	2007	male	NA	2	1	1	1	1	2	0	1	2	2	1	1	1	2	2
46	5	9	2006	male	NA	2	2	0	0	1	2	1	1	2	1	2	2	2	2	2
47	1	9	2007	male	NA	2	1	1	1	1	2	0	1	2	2	1	1	1	2	2
48	2	6	2006	male	NA	2	0	2	2	2	2	0	0	2	2	0	0	0	1	2
49	3	10	2007	male	NA	2	0	2	2	2	2	0	0	2	2	0	0	0	1	2
50	3	8	2006	male	NA	2	2	0	0	1	2	1	1	2	1	2	2	2	2	2
